3.675999999999999091e+01
7.759999999999990905e+00
-2.824000000000000909e+01
-4.024000000000000909e+01
-3.324000000000000909e+01
5.475999999999999091e+01
5.175999999999999091e+01
2.775999999999999091e+01
6.759999999999990905e+00
3.075999999999999091e+01
6.275999999999999091e+01
4.775999999999999091e+01
8.759999999999990905e+00
2.475999999999999091e+01
2.275999999999999091e+01
1.975999999999999091e+01
1.975999999999999091e+01
1.475999999999999091e+01
1.375999999999999091e+01
1.475999999999999091e+01
1.975999999999999091e+01
1.075999999999999091e+01
1.175999999999999091e+01
7.759999999999990905e+00
-2.400000000000090949e-01
-1.824000000000000909e+01
-2.424000000000000909e+01
-6.240000000000009095e+00
1.875999999999999091e+01
2.675999999999999091e+01
2.575999999999999091e+01
2.875999999999999091e+01
3.575999999999999091e+01
3.275999999999999091e+01
2.775999999999999091e+01
2.575999999999999091e+01
3.275999999999999091e+01
4.475999999999999091e+01
4.075999999999999091e+01
3.275999999999999091e+01
2.175999999999999091e+01
1.475999999999999091e+01
8.759999999999990905e+00
-1.240000000000009095e+00
-7.240000000000009095e+00
-2.400000000000090949e-01
1.075999999999999091e+01
4.759999999999990905e+00
-2.024000000000000909e+01
-2.824000000000000909e+01
-1.824000000000000909e+01
-8.240000000000009095e+00
-1.024000000000000909e+01
-1.224000000000000909e+01
-1.124000000000000909e+01
-1.324000000000000909e+01
-1.424000000000000909e+01
-1.124000000000000909e+01
-1.224000000000000909e+01
-2.324000000000000909e+01
-3.424000000000000909e+01
-7.824000000000000909e+01
-8.224000000000000909e+01
-8.124000000000000909e+01
-6.924000000000000909e+01
-3.624000000000000909e+01
-1.424000000000000909e+01
-4.424000000000000909e+01
-9.024000000000000909e+01
-1.424000000000000909e+01
-1.624000000000000909e+01
-1.624000000000000909e+01
-1.424000000000000909e+01
-1.124000000000000909e+01
-5.240000000000009095e+00
